Char Grade Volume RW
闪 1 1 1
可 1 1 1
反 1 1 1
有 1 1 1
后 1 1 1
左 1 1 1
右 1 1 1
友 1 1 1
同 1 1 1
向 1 1 1
医 1 1 1
画 1 1 1
句 1 1 1
尾 1 1 1
风 1 1 1
在 1 1 1
远 1 1 1
近 1 1 1
还 1 1 1
边 1 1 1
包 1 1 1
过 1 1 1
问 1 1 1
处 1 1 1
进 1 1 1
发 1 1 1
爬 1 1 1
国 1 1 1
回 1 1 1
足 1 1 1
坐 1 1 1
六 1 1 1
家 1 1 1
是 1 1 1
走 1 1 1
会 1 1 1
看 1 1 1
见 1 1 1
采 1 1 1
尖 1 1 1
春 1 1 1
青 1 1 1
夏 1 1 1
冬 1 1 1
男 1 1 1
色 1 1 1
多 1 1 1
笔 1 1 1
早 1 1 1
尘 1 1 1
众 1 1 1
森 1 1 1
美 1 1 1
今 1 1 1
前 1 1 1
黑 1 1 1
最 1 1 1
公 1 1 1
真 1 1 1
穿 1 1 1
金 1 1 1
哥 1 1 1
步 1 1 1
全 1 1 1
鱼 1 1 1
黄 1 1 1
杏 1 1 1
它 1 1 1
伞 1 1 1
兔 1 1 1
要 1 1 1
老 1 1 1
高 1 1 1
花 1 1 1
爸 1 1 1
字 1 1 1
桌 1 1 1
学 1 1 1
灯 1 1 1
台 1 1 1
雪 1 1 1
草 1 1 1
星 1 1 1
莲 1 1 1
弯 1 1 1
声 1 1 1
去 1 1 1
少 1 1 1
苹 1 1 1
果 1 1 1
条 1 1 1
丽 1 1 1
年 1 1 1
写 1 1 1
点 1 1 1
当 1 1 1
空 1 1 1
觉 1 1 1
蓝 1 1 1
笑 1 1 1
爷 1 1 1
参 1 1 1
旁 1 1 1
芽 1 1 1
变 1 1 1
音 1 1 1
只 1 1 1
对 1 1 1
叶 1 1 1
北 1 1 1
就 1 1 1
作 1 1 1
明 1 1 1
从 1 1 1
双 1 1 1
林 1 1 1
好 1 1 1
比 1 1 1
没 1 1 1
睡 1 1 1
师 1 1 1
什 1 1 1
得 1 1 1
服 1 1 1
加 1 1 1
找 1 1 1
法 1 1 1
秋 1 1 1
朋 1 1 1
竹 1 1 1
你 1 1 1
他 1 1 1
站 1 1 1
妈 1 1 1
打 1 1 1
棋 1 1 1
鸡 1 1 1
词 1 1 1
语 1 1 1
纸 1 1 1
妹 1 1 1
奶 1 1 1
桥 1 1 1
树 1 1 1
的 1 1 1
船 1 1 1
江 1 1 1
说 1 1 1
蛙 1 1 1
听 1 1 1
猫 1 1 1
鸭 1 1 1
桃 1 1 1
课 1 1 1
校 1 1 1
旗 1 1 1
红 1 1 1
歌 1 1 1
起 1 1 1
晚 1 1 1
昨 1 1 1
影 1 1 1
狗 1 1 1
谁 1 1 1
短 1 1 1
把 1 1 1
诗 1 1 1
给 1 1 1
们 1 1 1
彩 1 1 1
到 1 1 1
绿 1 1 1
那 1 1 1
海 1 1 1
吗 1 1 1
时 1 1 1
候 1 1 1
很 1 1 1
快 1 1 1
和 1 1 1
娃 1 1 1
挂 1 1 1
活 1 1 1
姐 1 1 1
叔 1 1 1
群 1 1 1
洞 1 1 1
鸦 1 1 1
许 1 1 1
放 1 1 1
住 1 1 1
孩 1 1 1
玩 1 1 1
吧 1 1 1
呀 1 1 1
院 1 1 1
天 1 1 1
我 1 1 1
四 1 1 1
五 1 1 1
虫 1 1 1
七 1 1 1
皮 1 1 1
里 1 1 1
开 1 1 1
无 1 1 1
尺 1 1 1
业 1 1 1
成 1 1 1
半 1 1 1
更 1 1 1
出 1 1 1
为 1 1 1
生 1 1 1
人 1 1 1
口 1 1 1
耳 1 1 1
目 1 1 1
手 1 1 1
日 1 1 1
月 1 1 1
水 1 1 1
火 1 1 1
山 1 1 1
石 1 1 1
田 1 1 1
禾 1 1 1
云 1 1 1
雨 1 1 1
鸟 1 1 1
九 1 1 1
马 1 1 1
土 1 1 1
不 1 1 1
子 1 1 1
文 1 1 1
乐 1 1 1
白 1 1 1
小 1 1 1
儿 1 1 1
路 1 1 1
车 1 1 1
数 1 1 1
气 1 1 1
了 1 1 1
大 1 1 1
飞 1 1 1
两 1 1 1
南 1 1 1
东 1 1 1
西 1 1 1
女 1 1 1
牛 1 1 1
刀 1 1 1
力 1 1 1
木 1 1 1
心 1 1 1
升 1 1 1
立 1 1 1
午 1 1 1
巴 1 1 1
串 1 1 1
以 1 1 1
方 1 1 1
才 1 1 1
亮 1 1 1
自 1 1 1
己 1 1 1
衣 1 1 1
又 1 1 1
贝 1 1 1
弟 1 1 1
牙 1 1 1
用 1 1 1
几 1 1 1
乌 1 1 1
久 1 1 1
工 1 1 1
个 1 1 1
头 1 1 1
关 1 1 1
来 1 1 1
书 1 1 1
么 1 1 1
办 1 1 1
厂 1 1 1
一 1 1 1
二 1 1 1
三 1 1 1
上 1 1 1
下 1 1 1
八 1 1 1
十 1 1 1
长 1 1 1
片 1 1 1
正 1 1 1
本 1 1 1
中 1 1 1
着 1 1 1
地 1 1 1
床 1 2 1
间 1 2 1
连 1 2 1
送 1 2 1
席 1 2 1
原 1 2 1
虎 1 2 1
居 1 2 1
眉 1 2 1
网 1 2 1
遍 1 2 1
病 1 2 1
迟 1 2 1
翅 1 2 1
道 1 2 1
房 1 2 1
赶 1 2 1
迹 1 2 1
迷 1 2 1
迁 1 2 1
趣 1 2 1
逃 1 2 1
通 1 2 1
透 1 2 1
遇 1 2 1
运 1 2 1
造 1 2 1
展 1 2 1
赵 1 2 1
这 1 2 1
追 1 2 1
夹 1 2 1
令 1 2 1
平 1 2 1
士 1 2 1
甩 1 2 1
死 1 2 1
王 1 2 1
卫 1 2 1
乡 1 2 1
义 1 2 1
之 1 2 1
专 1 2 1
册 1 2 1
丁 1 2 1
斗 1 2 1
豆 1 2 1
非 1 2 1
干 1 2 1
弓 1 2 1
瓜 1 2 1
鬼 1 2 1
互 1 2 1
角 1 2 1
巾 1 2 1
井 1 2 1
毛 1 2 1
门 1 2 1
米 1 2 1
面 1 2 1
肉 1 2 1
入 1 2 1
舌 1 2 1
身 1 2 1
氏 1 2 1
象 1 2 1
羊 1 2 1
已 1 2 1
玉 1 2 1
主 1 2 1
电 1 2 1
广 1 2 1
事 1 2 1
习 1 2 1
万 1 2 1
甘 1 2 1
太 1 2 1
夕 1 2 1
言 1 2 1
也 1 2 1
元 1 2 1
晶 1 2 1
因 1 2 1
圆 1 2 1
闹 1 2 1
周 1 2 1
闷 1 2 1
安 1 2 1
百 1 2 1
鼻 1 2 1
定 1 2 1
丢 1 2 1
分 1 2 1
告 1 2 1
各 1 2 1
古 1 2 1
官 1 2 1
光 1 2 1
寒 1 2 1
具 1 2 1
雷 1 2 1
李 1 2 1
命 1 2 1
拿 1 2 1
您 1 2 1
票 1 2 1
器 1 2 1
善 1 2 1
食 1 2 1
思 1 2 1
望 1 2 1
吴 1 2 1
喜 1 2 1
香 1 2 1
些 1 2 1
兴 1 2 1
再 1 2 1
皂 1 2 1
支 1 2 1
直 1 2 1
忘 1 2 1
息 1 2 1
窗 1 2 1
带 1 2 1
单 1 2 1
朵 1 2 1
共 1 2 1
交 1 2 1
泉 1 2 1
首 1 2 1
爱 1 2 1
背 1 2 1
碧 1 2 1
壁 1 2 1
臂 1 2 1
藏 1 2 1
尝 1 2 1
常 1 2 1
晨 1 2 1
第 1 2 1
贵 1 2 1
荷 1 2 1
忽 1 2 1
急 1 2 1
架 1 2 1
节 1 2 1
举 1 2 1
篮 1 2 1
露 1 2 1
落 1 2 1
每 1 2 1
念 1 2 1
盆 1 2 1
奇 1 2 1
千 1 2 1
牵 1 2 1
亲 1 2 1
然 1 2 1
热 1 2 1
柔 1 2 1
熟 1 2 1
暑 1 2 1
霜 1 2 1
岁 1 2 1
窝 1 2 1
霞 1 2 1
想 1 2 1
熊 1 2 1
严 1 2 1
夜 1 2 1
勇 1 2 1
怎 1 2 1
照 1 2 1
总 1 2 1
茶 1 2 1
查 1 2 1
意 1 2 1
京 1 2 1
燕 1 2 1
害 1 2 1
萤 1 2 1
匹 1 2 1
扇 1 2 1
鹿 1 2 1
座 1 2 1
保 1 2 1
别 1 2 1
冰 1 2 1
朝 1 2 1
初 1 2 1
吹 1 2 1
断 1 2 1
敢 1 2 1
行 1 2 1
教 1 2 1
乱 1 2 1
棉 1 2 1
体 1 2 1
甜 1 2 1
外 1 2 1
往 1 2 1
相 1 2 1
信 1 2 1
阴 1 2 1
幼 1 2 1
阵 1 2 1
知 1 2 1
做 1 2 1
能 1 2 1
羽 1 2 1
拔 1 2 1
伴 1 2 1
饱 1 2 1
抱 1 2 1
蹦 1 2 1
鞭 1 2 1
拨 1 2 1
脖 1 2 1
擦 1 2 1
操 1 2 1
场 1 2 1
唱 1 2 1
吵 1 2 1
沉 1 2 1
吃 1 2 1
池 1 2 1
纯 1 2 1
次 1 2 1
村 1 2 1
胆 1 2 1
低 1 2 1
掉 1 2 1
咚 1 2 1
动 1 2 1
冻 1 2 1
都 1 2 1
独 1 2 1
肚 1 2 1
端 1 2 1
锻 1 2 1
饭 1 2 1
浮 1 2 1
该 1 2 1
刚 1 2 1
跟 1 2 1
咕 1 2 1
孤 1 2 1
故 1 2 1
观 1 2 1
棍 1 2 1
喊 1 2 1
河 1 2 1
虹 1 2 1
猴 1 2 1
呼 1 2 1
护 1 2 1
欢 1 2 1
伙 1 2 1
机 1 2 1
检 1 2 1
讲 1 2 1
降 1 2 1
浇 1 2 1
脚 1 2 1
叫 1 2 1
接 1 2 1
结 1 2 1
经 1 2 1
睛 1 2 1
净 1 2 1
静 1 2 1
镜 1 2 1
据 1 2 1
决 1 2 1
扛 1 2 1
棵 1 2 1
颗 1 2 1
酷 1 2 1
块 1 2 1
啦 1 2 1
拦 1 2 1
脸 1 2 1
炼 1 2 1
凉 1 2 1
粮 1 2 1
辆 1 2 1
邻 1 2 1
铃 1 2 1
领 1 2 1
流 1 2 1
蚂 1 2 1
满 1 2 1
忙 1 2 1
哪 1 2 1
呢 1 2 1
娘 1 2 1
暖 1 2 1
怕 1 2 1
拍 1 2 1
排 1 2 1
膀 1 2 1
胖 1 2 1
跑 1 2 1
泡 1 2 1
炮 1 2 1
捧 1 2 1
偏 1 2 1
飘 1 2 1
瓢 1 2 1
萍 1 2 1
坡 1 2 1
汽 1 2 1
铅 1 2 1
钱 1 2 1
墙 1 2 1
轻 1 2 1
清 1 2 1
蜻 1 2 1
情 1 2 1
晴 1 2 1
请 1 2 1
球 1 2 1
却 1 2 1
裙 1 2 1
让 1 2 1
扔 1 2 1
洒 1 2 1
散 1 2 1
傻 1 2 1
伸 1 2 1
绳 1 2 1
湿 1 2 1
梳 1 2 1
刷 1 2 1
诉 1 2 1
孙 1 2 1
所 1 2 1
她 1 2 1
汤 1 2 1
躺 1 2 1
踢 1 2 1
提 1 2 1
挑 1 2 1
跳 1 2 1
停 1 2 1
蜓 1 2 1
吐 1 2 1
腿 1 2 1
温 1 2 1
蚊 1 2 1
物 1 2 1
洗 1 2 1
戏 1 2 1
细 1 2 1
吓 1 2 1
现 1 2 1
响 1 2 1
像 1 2 1
消 1 2 1
新 1 2 1
性 1 2 1
姓 1 2 1
颜 1 2 1
眼 1 2 1
阳 1 2 1
杨 1 2 1
样 1 2 1
腰 1 2 1
摇 1 2 1
咬 1 2 1
野 1 2 1
疑 1 2 1
蚁 1 2 1
椅 1 2 1
仔 1 2 1
澡 1 2 1
摘 1 2 1
战 1 2 1
张 1 2 1
招 1 2 1
织 1 2 1
蜘 1 2 1
治 1 2 1
钟 1 2 1
种 1 2 1
珠 1 2 1
蛛 1 2 1
注 1 2 1
转 1 2 1
壮 1 2 1
准 1 2 1
捉 1 2 1
踪 1 2 1
粽 1 2 1
嘴 1 2 1
掰 1 2 1
搬 1 2 1
潮 1 2 1
微 1 2 1
游 1 2 1
塘 2 3 1
脑 2 3 1
袋 2 3 1
灰 2 3 1
哇 2 3 1
捕 2 3 1
迎 2 3 1
阿 2 3 1
姨 2 3 1
宽 2 3 1
龟 2 3 1
顶 2 3 1
披 2 3 1
鼓 2 3 1
晒 2 3 1
极 2 3 1
傍 2 3 1
越 2 3 1
滴 2 3 1
溪 2 3 1
奔 2 3 1
洋 2 3 1
坏 2 3 1
淹 2 3 1
冲 2 3 1
毁 2 3 1
屋 2 3 1
猜 2 3 1
植 2 3 1
如 2 3 1
旅 2 3 1
备 2 3 1
纷 2 3 1
刺 2 3 1
底 2 3 1
炸 2 3 1
离 2 3 1
察 2 3 1
识 2 3 1
粗 2 3 1
套 2 3 1
帽 2 3 1
登 2 3 1
鞋 2 3 1
裤 2 3 1
图 2 3 1
壶 2 3 1
帐 2 3 1
篷 2 3 1
指 2 3 1
针 2 3 1
帆 2 3 1
艘 2 3 1
军 2 3 1
舰 2 3 1
稻 2 3 1
园 2 3 1
翠 2 3 1
队 2 3 1
铜 2 3 1
号 2 3 1
梧 2 3 1
桐 2 3 1
掌 2 3 1
枫 2 3 1
松 2 3 1
柏 2 3 1
装 2 3 1
桦 2 3 1
耐 2 3 1
守 2 3 1
疆 2 3 1
银 2 3 1
杉 2 3 1
化 2 3 1
桂 2 3 1
世 2 3 1
界 2 3 1
孔 2 3 1
雀 2 3 1
锦 2 3 1
雄 2 3 1
鹰 2 3 1
翔 2 3 1
雁 2 3 1
丛 2 3 1
深 2 3 1
猛 2 3 1
灵 2 3 1
休 2 3 1
季 2 3 1
蝴 2 3 1
蝶 2 3 1
麦 2 3 1
苗 2 3 1
桑 2 3 1
肥 2 3 1
农 2 3 1
归 2 3 1
戴 2 3 1
谷 2 3 1
粒 2 3 1
虽 2 3 1
辛 2 3 1
苦 2 3 1
葡 2 3 1
萄 2 3 1
紫 2 3 1
狐 2 3 1
狸 2 3 1
笨 2 3 1
酸 2 3 1
曹 2 3 1
称 2 3 1
员 2 3 1
根 2 3 1
柱 2 3 1
议 2 3 1
论 2 3 1
重 2 3 1
杆 2 3 1
秤 2 3 1
砍 2 3 1
线 2 3 1
止 2 3 1
量 2 3 1
玲 2 3 1
详 2 3 1
幅 2 3 1
评 2 3 1
奖 2 3 1
催 2 3 1
啪 2 3 1
脏 2 3 1
报 2 3 1
另 2 3 1
及 2 3 1
懒 2 3 1
并 2 3 1
糟 2 3 1
肯 2 3 1
封 2 3 1
削 2 3 1
锅 2 3 1
刮 2 3 1
胡 2 3 1
修 2 3 1
冷 2 3 1
肩 2 3 1
团 2 3 1
完 2 3 1
期 2 3 1
束 2 3 1
鲜 2 3 1
哄 2 3 1
先 2 3 1
梦 2 3 1
闭 2 3 1
紧 2 3 1
润 2 3 1
等 2 3 1
吸 2 3 1
粘 2 3 1
汗 2 3 1
额 2 3 1
沙 2 3 1
乏 2 3 1
弹 2 3 1
钢 2 3 1
琴 2 3 1
捏 2 3 1
泥 2 3 1
滚 2 3 1
铁 2 3 1
环 2 3 1
荡 2 3 1
滑 2 3 1
梯 2 3 1
楼 2 3 1
依 2 3 1
尽 2 3 1
欲 2 3 1
穷 2 3 1
层 2 3 1
瀑 2 3 1
布 2 3 1
炉 2 3 1
烟 2 3 1
遥 2 3 1
川 2 3 1
闻 2 3 1
名 2 3 1
景 2 3 1
区 2 3 1
省 2 3 1
部 2 3 1
秀 2 3 1
尤 2 3 1
其 2 3 1
仙 2 3 1
巨 2 3 1
位 2 3 1
著 2 3 1
形 2 3 1
状 2 3 1
潭 2 3 1
湾 2 3 1
湖 2 3 1
绕 2 3 1
茂 2 3 1
盛 2 3 1
围 2 3 1
胜 2 3 1
央 2 3 1
岛 2 3 1
纱 2 3 1
童 2 3 1
境 2 3 1
引 2 3 1
客 2 3 1
沟 2 3 1
产 2 3 1
梨 2 3 1
份 2 3 1
枝 2 3 1
搭 2 3 1
淡 2 3 1
够 2 3 1
收 2 3 1
城 2 3 1
市 2 3 1
留 2 3 1
钉 2 3 1
利 2 3 1
味 2 3 1
昌 2 3 1
铺 2 3 1
调 2 3 1
硬 2 3 1
卧 2 3 1
限 2 3 1
乘 2 3 1
售 2 3 1
沿 2 3 1
答 2 3 1
渴 2 3 1
喝 2 3 1
话 2 3 1
弄 2 3 1
错 2 3 1
际 2 3 1
抬 2 3 1
堵 2 3 1
缝 2 3 1
鹊 2 3 1
朗 2 3 1
衔 2 3 1
枯 2 3 1
劝 2 3 1
趁 2 3 1
将 2 3 1
且 2 3 1
腊 2 3 1
狂 2 3 1
吼 2 3 1
复 2 3 1
哀 2 3 1
葫 2 3 1
芦 2 3 1
藤 2 3 1
谢 2 3 1
蚜 2 3 1
盯 2 3 1
啊 2 3 1
赛 2 3 1
感 2 3 1
怪 2 3 1
慢 2 3 1
锋 2 3 1
蜜 2 3 1
蜂 2 3 1
幕 2 3 1
扫 2 3 1
墓 2 3 1
慕 2 3 1
抄 2 3 1
炒 2 3 1
洪 2 3 1
毒 2 3 1
蛇 2 3 1
兽 2 3 1
伤 2 3 1
灾 2 3 1
难 2 3 1
仍 2 3 1
退 2 3 1
继 2 3 1
续 2 3 1
认 2 3 1
训 2 3 1
被 2 3 1
恢 2 3 1
朱 2 3 1
德 2 3 1
扁 2 3 1
担 2 3 1
志 2 3 1
伍 2 3 1
泽 2 3 1
敌 2 3 1
陡 2 3 1
争 2 3 1
仗 2 3 1
疼 2 3 1
料 2 3 1
敬 2 3 1
泼 2 3 1
族 2 3 1
民 2 3 1
度 2 3 1
敲 2 3 1
龙 2 3 1
驶 2 3 1
容 2 3 1
踩 2 3 1
碗 2 3 1
祝 2 3 1
福 2 3 1
健 2 3 1
康 2 3 1
寿 2 3 1
轿 2 3 1
救 2 3 1
摩 2 3 1
托 2 3 1
防 2 3 1
渔 2 3 1
货 2 3 1
油 2 3 1
轮 2 3 1
科 2 3 1
考 2 3 1
宿 2 3 1
寺 2 3 1
危 2 3 1
辰 2 3 1
恐 2 3 1
惊 2 3 1
似 2 3 1
庐 2 3 1
笼 2 3 1
盖 2 3 1
苍 2 3 1
茫 2 3 1
雾 2 3 1
淘 2 3 1
于 2 3 1
暗 2 3 1
岸 2 3 1
街 2 3 1
梁 2 3 1
甚 2 3 1
至 2 3 1
切 2 3 1
躲 2 3 1
失 2 3 1
累 2 3 1
添 2 3 1
柴 2 3 1
烧 2 3 1
旺 2 3 1
渐 2 3 1
哎 2 3 1
冒 2 3 1
烫 2 3 1
终 2 3 1
浑 2 3 1
淋 2 3 1
灭 2 3 1
激 2 3 1
滩 2 3 1
椰 2 3 1
壳 2 3 1
漠 2 3 1
骆 2 3 1
驼 2 3 1
骏 2 3 1
悬 2 3 1
崖 2 3 1
假 2 3 1
威 2 3 1
扯 2 3 1
嗓 2 3 1
派 2 3 1
违 2 3 1
抗 2 3 1
爪 2 3 1
趟 2 3 1
神 2 3 1
猪 2 3 1
纳 2 3 1
受 2 3 1
骗 2 3 1
借 2 3 1
酪 2 3 1
捡 2 3 1
俩 2 3 1
始 2 3 1
拌 2 3 1
帮 2 3 1
匀 2 3 1
嚷 2 3 1
瞧 2 3 1
便 2 3 1
剩 2 3 1
整 2 3 1
筝 2 3 1
鼠 2 3 1
折 2 3 1
漂 2 3 1
扎 2 3 1
抓 2 3 1
幸 2 3 1
但 2 3 1
愿 2 3 1
哭 2 3 1
取 2 3 1
助 2 3 1
抽 2 3 1
使 2 3 1
劲 2 3 1
哗 2 3 1
秧 2 3 1
拉 2 3 1
表 2 3 1
示 2 3 1
摆 2 3 1
翻 2 3 1
栽 2 3 1
责 2 3 1
狼 2 3 1
猩 2 3 1
鹤 2 3 1
鸽 2 3 1
羚 2 3 1
蚯 2 3 1
蚓 2 3 1
螃 2 3 1
蟹 2 3 1
蚕 2 3 1
建 2 4 1
庄 2 4 1
逮 2 4 1
递 2 4 1
逗 2 4 1
毽 2 4 1
迈 2 4 1
磨 2 4 1
厦 2 4 1
毯 2 4 1
题 2 4 1
厅 2 4 1
厢 2 4 1
选 2 4 1
询 2 4 1
遮 2 4 1
凶 2 4 1
屁 2 4 1
必 2 4 1
囱 2 4 1
乎 2 4 1
亡 2 4 1
由 2 4 1
与 2 4 1
州 2 4 1
而 2 4 1
夫 2 4 1
户 2 4 1
母 2 4 1
乞 2 4 1
求 2 4 1
穴 2 4 1
页 2 4 1
永 2 4 1
舟 2 4 1
垂 2 4 1
术 2 4 1
匆 2 4 1
甲 2 4 1
品 2 4 1
固 2 4 1
圈 2 4 1
闯 2 4 1
冈 2 4 1
宝 2 4 1
毕 2 4 1
耷 2 4 1
蛋 2 4 1
轰 2 4 1
昏 2 4 1
集 2 4 1
祭 2 4 1
寂 2 4 1
焦 2 4 1
筋 2 4 1
昆 2 4 1
览 2 4 1
劳 2 4 1
牢 2 4 1
买 2 4 1
卖 2 4 1
觅 2 4 1
免 2 4 1
丧 2 4 1
商 2 4 1
审 2 4 1
室 2 4 1
丝 2 4 1
肃 2 4 1
算 2 4 1
突 2 4 1
巷 2 4 1
需 2 4 1
寻 2 4 1
炎 2 4 1
窑 2 4 1
异 2 4 1
育 2 4 1
赞 2 4 1
羞 2 4 1
骨 2 4 1
齐 2 4 1
舍 2 4 1
亭 2 4 1
易 2 4 1
艾 2 4 1
熬 2 4 1
堡 2 4 1
币 2 4 1
蔽 2 4 1
菠 2 4 1
簸 2 4 1
菜 2 4 1
充 2 4 1
慈 2 4 1
窜 2 4 1
导 2 4 1
繁 2 4 1
费 2 4 1
奋 2 4 1
符 2 4 1
竿 2 4 1
菇 2 4 1
管 2 4 1
含 2 4 1
盒 2 4 1
晃 2 4 1
箕 2 4 1
寄 2 4 1
驾 2 4 1
煎 2 4 1
剪 2 4 1
简 2 4 1
箭 2 4 1
酱 2 4 1
究 2 4 1
菊 2 4 1
炬 2 4 1
靠 2 4 1
窟 2 4 1
类 2 4 1
鹂 2 4 1
恋 2 4 1
裂 2 4 1
窿 2 4 1
蒙 2 4 1
密 2 4 1
蘑 2 4 1
寞 2 4 1
判 2 4 1
譬 2 4 1
贫 2 4 1
蔷 2 4 1
茄 2 4 1
渠 2 4 1
茸 2 4 1
荣 2 4 1
赏 2 4 1
竖 2 4 1
耸 2 4 1
贪 2 4 1
堂 2 4 1
薇 2 4 1
翁 2 4 1
舞 2 4 1
务 2 4 1
宵 2 4 1
养 2 4 1
药 2 4 1
茵 2 4 1
荫 2 4 1
莹 2 4 1
宇 2 4 1
寓 2 4 1
窄 2 4 1
盏 2 4 1
罩 2 4 1
蔗 2 4 1
忠 2 4 1
宙 2 4 1
煮 2 4 1
筑 2 4 1
咨 2 4 1
餐 2 4 1
曾 2 4 1
实 2 4 1
合 2 4 1
竟 2 4 1
克 2 4 1
帚 2 4 1
案 2 4 1
葱 2 4 1
裹 2 4 1
莺 2 4 1
营 2 4 1
蒸 2 4 1
裁 2 4 1
截 2 4 1
式 2 4 1
局 2 4 1
尿 2 4 1
厕 2 4 1
厨 2 4 1
店 2 4 1
腐 2 4 1
魔 2 4 1
疲 2 4 1
屎 2 4 1
痛 2 4 1
序 2 4 1
压 2 4 1
应 2 4 1
般 2 4 1
驳 2 4 1
此 2 4 1
付 2 4 1
规 2 4 1
棘 2 4 1
既 2 4 1
艰 2 4 1
件 2 4 1
解 2 4 1
津 2 4 1
绝 2 4 1
陆 2 4 1
绵 2 4 1
鸣 2 4 1
射 2 4 1
舒 2 4 1
顺 2 4 1
袜 2 4 1
须 2 4 1
饮 2 4 1
则 2 4 1
醉 2 4 1
谊 2 4 1
唉 2 4 1
袄 2 4 1
懊 2 4 1
板 2 4 1
邦 2 4 1
爆 2 4 1
杯 2 4 1
编 2 4 1
饼 2 4 1
波 2 4 1
玻 2 4 1
播 2 4 1
伯 2 4 1
泊 2 4 1
勃 2 4 1
博 2 4 1
补 2 4 1
财 2 4 1
灿 2 4 1
舱 2 4 1
糙 2 4 1
插 2 4 1
蝉 2 4 1
铲 2 4 1
撑 2 4 1
程 2 4 1
稠 2 4 1
触 2 4 1
传 2 4 1
喘 2 4 1
脆 2 4 1
待 2 4 1
挡 2 4 1
倒 2 4 1
邓 2 4 1
堤 2 4 1
叼 2 4 1
叮 2 4 1
懂 2 4 1
杜 2 4 1
渡 2 4 1
堆 2 4 1
蹲 2 4 1
炖 2 4 1
泛 2 4 1
坊 2 4 1
仿 2 4 1
纺 2 4 1
坟 2 4 1
粉 2 4 1
峰 2 4 1
佛 2 4 1
扶 2 4 1
拂 2 4 1
糕 2 4 1
格 2 4 1
隔 2 4 1
功 2 4 1
攻 2 4 1
蚣 2 4 1
钩 2 4 1
购 2 4 1
姑 2 4 1
股 2 4 1
顾 2 4 1
馆 2 4 1
灌 2 4 1
哈 2 4 1
航 2 4 1
何 2 4 1
狠 2 4 1
换 2 4 1
慌 2 4 1
挥 2 4 1
悔 2 4 1
诲 2 4 1
圾 2 4 1
积 2 4 1
记 2 4 1
纪 2 4 1
技 2 4 1
稼 2 4 1
郊 2 4 1
饺 2 4 1
竭 2 4 1
荆 2 4 1
精 2 4 1
颈 2 4 1
剧 2 4 1
鹃 2 4 1
烤 2 4 1
刻 2 4 1
坑 2 4 1
控 2 4 1
垮 2 4 1
跨 2 4 1
垃 2 4 1
辣 2 4 1
烂 2 4 1
郎 2 4 1
愣 2 4 1
璃 2 4 1
礼 2 4 1
理 2 4 1
怜 2 4 1
聊 2 4 1
列 2 4 1
龄 2 4 1
岭 2 4 1
溜 2 4 1
柳 2 4 1
漏 2 4 1
螺 2 4 1
律 2 4 1
嘛 2 4 1
梅 2 4 1
敏 2 4 1
抹 2 4 1
腻 2 4 1
咛 2 4 1
泞 2 4 1
浓 2 4 1
挪 2 4 1
哦 2 4 1
牌 2 4 1
赔 2 4 1
喷 2 4 1
碰 2 4 1
脾 2 4 1
拼 2 4 1
坪 2 4 1
破 2 4 1
扑 2 4 1
骑 2 4 1
浅 2 4 1
枪 2 4 1
抢 2 4 1
巧 2 4 1
缺 2 4 1
确 2 4 1
任 2 4 1
绒 2 4 1
熔 2 4 1
软 2 4 1
晌 2 4 1
哨 2 4 1
婶 2 4 1
拾 2 4 1
饰 2 4 1
试 2 4 1
视 2 4 1
柿 2 4 1
饲 2 4 1
随 2 4 1
损 2 4 1
塔 2 4 1
踏 2 4 1
坛 2 4 1
坦 2 4 1
探 2 4 1
糖 2 4 1
绦 2 4 1
掏 2 4 1
特 2 4 1
腾 2 4 1
蹄 2 4 1
填 2 4 1
贴 2 4 1
挺 2 4 1
统 2 4 1
桶 2 4 1
拖 2 4 1
脱 2 4 1
驮 2 4 1
陀 2 4 1
挖 2 4 1
猬 2 4 1
纹 2 4 1
稳 2 4 1
握 2 4 1
蜈 2 4 1
稀 2 4 1
嘻 2 4 1
峡 2 4 1
献 2 4 1
橡 2 4 1
销 2 4 1
晓 2 4 1
醒 2 4 1
绚 2 4 1
研 2 4 1
掩 2 4 1
演 2 4 1
咦 2 4 1
移 2 4 1
忆 2 4 1
映 2 4 1
咏 2 4 1
泳 2 4 1
涌 2 4 1
邮 2 4 1
愉 2 4 1
郁 2 4 1
浴 2 4 1
源 2 4 1
悦 2 4 1
珍 2 4 1
诊 2 4 1
睁 2 4 1
挣 2 4 1
汁 2 4 1
值 2 4 1
致 2 4 1
秩 2 4 1
株 2 4 1
赚 2 4 1
妆 2 4 1
撞 2 4 1
茁 2 4 1
滋 2 4 1
籽 2 4 1
祖 2 4 1
钻 2 4 1
烦 2 4 1
班 2 4 1
瓣 2 4 1
辨 2 4 1
嫩 2 4 1
棚 2 4 1
撒 2 4 1
涨 2 4 1
粥 2 4 1
华 2 4 2
坝 3 5 1
汉 3 5 1
艳 3 5 1
扮 3 5 1
扬 3 5 1
读 3 5 1
摔 3 5 1
跤 3 5 1
凤 3 5 1
洁 3 5 1
荒 3 5 1
笛 3 5 1
罚 3 5 1
裳 3 5 1
诵 3 5 1
例 3 5 1
段 3 5 1
练 3 5 1
糊 3 5 1
涂 3 5 1
呆 3 5 1
戒 3 5 1
厉 3 5 1
挨 3 5 1
楚 3 5 1
径 3 5 1
斜 3 5 1
赠 3 5 1
刘 3 5 1
残 3 5 1
犹 3 5 1
傲 3 5 1
君 3 5 1
橙 3 5 1
橘 3 5 1
洼 3 5 1
印 3 5 1
凌 3 5 1
增 3 5 1
棕 3 5 1
靴 3 5 1
钥 3 5 1
匙 3 5 1
缤 3 5 1
枚 3 5 1
勾 3 5 1
喇 3 5 1
叭 3 5 1
厚 3 5 1
曲 3 5 1
丰 3 5 1
抖 3 5 1
蟋 3 5 1
蟀 3 5 1
振 3 5 1
韵 3 5 1
掠 3 5 1
吟 3 5 1
辽 3 5 1
阔 3 5 1
旧 3 5 1
饿 3 5 1
卷 3 5 1
燃 3 5 1
焰 3 5 1
蜡 3 5 1
烛 3 5 1
富 3 5 1
划 3 5 1
缩 3 5 1
努 3 5 1
茎 3 5 1
锯 3 5 1
斧 3 5 1
推 3 5 1
吱 3 5 1
拆 3 5 1
咱 3 5 1
偷 3 5 1
齿 3 5 1
嚼 3 5 1
吞 3 5 1
胃 3 5 1
悲 3 5 1
咽 3 5 1
泪 3 5 1
眯 3 5 1
宣 3 5 1
诱 3 5 1
舔 3 5 1
毅 3 5 1
强 3 5 1
犯 3 5 1
禁 3 5 1
稍 3 5 1
豫 3 5 1
跺 3 5 1
聚 3 5 1
申 3 5 1
介 3 5 1
绍 3 5 1
宗 3 5 1
乙 3 5 1
召 3 5 1
孝 3 5 1
暴 3 5 1
凑 3 5 1
喵 3 5 1
孵 3 5 1
叽 3 5 1
偶 3 5 1
尔 3 5 1
萝 3 5 1
卜 3 5 1
愁 3 5 1
沾 3 5 1
晾 3 5 1
讨 3 5 1
厌 3 5 1
怒 3 5 1
批 3 5 1
访 3 5 1
差 3 5 1
忍 3 5 1
模 3 5 1
疯 3 5 1
汪 3 5 1
搞 3 5 1
典 3 5 1
基 3 5 1
础 3 5 1
阁 3 5 1
佳 3 5 1
盲 3 5 1
唐 3 5 1
父 3 5 1
鹦 3 5 1
鹉 3 5 1
悄 3 5 1
蒲 3 5 1
英 3 5 1
耍 3 5 1
欠 3 5 1
钓 3 5 1
拢 3 5 1
亦 3 5 1
宜 3 5 1
庭 3 5 1
未 3 5 1
盘 3 5 1
饶 3 5 1
优 3 5 1
瑰 3 5 1
岩 3 5 1
虾 3 5 1
武 3 5 1
粪 3 5 1
辈 3 5 1
设 3 5 1
滨 3 5 1
鸥 3 5 1
胳 3 5 1
睬 3 5 1
载 3 5 1
凰 3 5 1
亚 3 5 1
榕 3 5 1
凳 3 5 1
逢 3 5 1
除 3 5 1
融 3 5 1
侧 3 5 1
欣 3 5 1
浸 3 5 1
乳 3 5 1
梢 3 5 1
显 3 5 1
材 3 5 1
膝 3 5 1
临 3 5 1
库 3 5 1
蝌 3 5 1
蚪 3 5 1
蛾 3 5 1
鲤 3 5 1
鲫 3 5 1
鲨 3 5 1
妙 3 5 1
奏 3 5 1
喃 3 5 1
伟 3 5 1
击 3 5 1
汇 3 5 1
喳 3 5 1
黎 3 5 1
凝 3 5 1
畅 3 5 1
瞬 3 5 1
猎 3 5 1
枣 3 5 1
馋 3 5 1
缓 3 5 1
讶 3 5 1
测 3 5 1
监 3 5 1
恍 3 5 1
悟 3 5 1
逐 3 5 1
聪 3 5 1
司 3 5 1
跌 3 5 1
皆 3 5 1
弃 3 5 1
持 3 5 1
默 3 5 1
姿 3 5 1
势 3 5 1
投 3 5 1
况 3 5 1
烈 3 5 1
镇 3 5 1
述 3 5 1
普 3 5 1
忧 3 5 1
联 3 5 1
宁 3 5 1
胸 3 5 1
脯 3 5 1
惹 3 5 1
仰 3 5 1
渣 3 5 1
或 3 5 1
者 3 5 1
惜 3 5 1
诚 3 5 1
棒 3 5 1
恩 3 5 1
血 3 5 1
撤 3 5 1
险 3 5 1
瓦 3 5 1
帘 3 5 1
迅 3 5 1
速 3 5 1
夺 3 5 1
秒 3 5 1
眨 3 5 1
瞪 3 5 1
瞅 3 5 1
眶 3 5 1
睹 3 5 1
闲 3 6 1
逼 3 6 1
超 3 6 1
达 3 6 1
痕 3 6 1
逆 3 6 1
适 3 6 1
途 3 6 1
屠 3 6 1
旭 3 6 1
巡 3 6 1
遵 3 6 1
承 3 6 1
内 3 6 1
史 3 6 1
凡 3 6 1
寸 3 6 1
末 3 6 1
困 3 6 1
阅 3 6 1
罢 3 6 1
叠 3 6 1
否 3 6 1
负 3 6 1
惠 3 6 1
脊 3 6 1
吏 3 6 1
莫 3 6 1
妻 3 6 1
宋 3 6 1
歪 3 6 1
希 3 6 1
系 3 6 1
县 3 6 1
兄 3 6 1
益 3 6 1
盈 3 6 1
章 3 6 1
尊 3 6 1
墨 3 6 1
智 3 6 1
宫 3 6 1
若 3 6 1
薄 3 6 1
蔡 3 6 1
呈 3 6 1
崇 3 6 1
贷 3 6 1
巅 3 6 1
爹 3 6 1
董 3 6 1
芳 3 6 1
芬 3 6 1
贡 3 6 1
慧 3 6 1
蕉 3 6 1
警 3 6 1
夸 3 6 1
犁 3 6 1
零 3 6 1
录 3 6 1
骂 3 6 1
芒 3 6 1
贸 3 6 1
蓬 3 6 1
篇 3 6 1
婆 3 6 1
窃 3 6 1
染 3 6 1
苏 3 6 1
态 3 6 1
替 3 6 1
筒 3 6 1
巍 3 6 1
箱 3 6 1
型 3 6 1
鸯 3 6 1
艺 3 6 1
翼 3 6 1
婴 3 6 1
悠 3 6 1
鸳 3 6 1
怨 3 6 1
资 3 6 1
冀 3 6 1
爽 3 6 1
匠 3 6 1
庆 3 6 1
存 3 6 1
废 3 6 1
府 3 6 1
廊 3 6 1
厘 3 6 1
历 3 6 1
庙 3 6 1
属 3 6 1
虚 3 6 1
痒 3 6 1
麻 3 6 1
代 3 6 1
妇 3 6 1
改 3 6 1
幻 3 6 1
计 3 6 1
款 3 6 1
牧 3 6 1
弱 3 6 1
社 3 6 1
彤 3 6 1
旋 3 6 1
执 3 6 1
制 3 6 1
胞 3 6 1
倍 3 6 1
搏 3 6 1
颤 3 6 1
肠 3 6 1
衬 3 6 1
仇 3 6 1
绸 3 6 1
橱 3 6 1
创 3 6 1
醋 3 6 1
档 3 6 1
叨 3 6 1
蹈 3 6 1
嘀 3 6 1
颠 3 6 1
雕 3 6 1
栋 3 6 1
鳄 3 6 1
贩 3 6 1
啡 3 6 1
副 3 6 1
腹 3 6 1
缚 3 6 1
概 3 6 1
缸 3 6 1
耕 3 6 1
拱 3 6 1
惯 3 6 1
罐 3 6 1
跪 3 6 1
核 3 6 1
横 3 6 1
辉 3 6 1
魂 3 6 1
肌 3 6 1
济 3 6 1
价 3 6 1
减 3 6 1
剑 3 6 1
溅 3 6 1
娇 3 6 1
骄 3 6 1
胶 3 6 1
较 3 6 1
诫 3 6 1
距 3 6 1
倦 3 6 1
咖 3 6 1
咳 3 6 1
扣 3 6 1
括 3 6 1
栏 3 6 1
缆 3 6 1
浪 3 6 1
捞 3 6 1
唠 3 6 1
嘹 3 6 1
缭 3 6 1
伶 3 6 1
碌 3 6 1
伦 3 6 1
络 3 6 1
驴 3 6 1
锚 3 6 1
貌 3 6 1
煤 3 6 1
秘 3 6 1
摸 3 6 1
膜 3 6 1
陌 3 6 1
恼 3 6 1
懦 3 6 1
欧 3 6 1
呕 3 6 1
盼 3 6 1
配 3 6 1
翩 3 6 1
谦 3 6 1
钳 3 6 1
歉 3 6 1
揉 3 6 1
衫 3 6 1
牲 3 6 1
狮 3 6 1
释 3 6 1
税 3 6 1
私 3 6 1
碎 3 6 1
檀 3 6 1
淌 3 6 1
滔 3 6 1
陶 3 6 1
剃 3 6 1
豚 3 6 1
喂 3 6 1
吻 3 6 1
误 3 6 1
隙 3 6 1
瞎 3 6 1
纤 3 6 1
携 3 6 1
泄 3 6 1
刑 3 6 1
袖 3 6 1
吁 3 6 1
绪 3 6 1
循 3 6 1
涯 3 6 1
雅 3 6 1
验 3 6 1
谚 3 6 1
漾 3 6 1
谣 3 6 1
耀 3 6 1
屿 3 6 1
援 3 6 1
约 3 6 1
燥 3 6 1
择 3 6 1
贼 3 6 1
胀 3 6 1
洲 3 6 1
皱 3 6 1
灼 3 6 1
纵 3 6 1
阻 3 6 1
组 3 6 1
酒 3 6 1
斑 3 6 1
辩 3 6 1
储 3 6 1
俐 3 6 1
嗽 3 6 1
摊 3 6 1
掀 3 6 1
掷 3 6 1
叹 3 6 2
启 4 7 1
戎 4 7 1
逊 4 7 1
庞 4 7 1
迫 4 7 1
延 4 7 1
遭 4 7 1
质 4 7 1
邀 4 7 1
避 4 7 1
返 4 7 1
良 4 7 1
丈 4 7 1
斥 4 7 1
丑 4 7 1
亏 4 7 1
曰 4 7 1
囚 4 7 1
毫 4 7 1
奥 4 7 1
兵 4 7 1
盗 4 7 1
贯 4 7 1
坚 4 7 1
奈 4 7 1
凭 4 7 1
秦 4 7 1
索 4 7 1
昔 4 7 1
羡 4 7 1
占 4 7 1
恕 4 7 1
巢 4 7 1
旦 4 7 1
帝 4 7 1
吊 4 7 1
鼎 4 7 1
瑟 4 7 1
震 4 7 1
霉 4 7 1
昂 4 7 1
惩 4 7 1
范 4 7 1
豪 4 7 1
获 4 7 1
杰 4 7 1
罗 4 7 1
囊 4 7 1
攀 4 7 1
杀 4 7 1
笋 4 7 1
蓄 4 7 1
盐 4 7 1
余 4 7 1
凿 4 7 1
宅 4 7 1
誉 4 7 1
签 4 7 1
拳 4 7 1
坠 4 7 1
霸 4 7 1
崩 4 7 1
恶 4 7 1
旱 4 7 1
暮 4 7 1
妄 4 7 1
哲 4 7 1
置 4 7 1
惑 4 7 1
茅 4 7 1
劈 4 7 1
娶 4 7 1
苇 4 7 1
萎 4 7 1
兰 4 7 1
竞 4 7 1
荧 4 7 1
塞 4 7 1
霎 4 7 1
苔 4 7 1
巫 4 7 1
屏 4 7 1
拜 4 7 1
即 4 7 1
溺 4 7 1
佩 4 7 1
倾 4 7 1
侯 4 7 1
卵 4 7 1
顿 4 7 1
溃 4 7 1
昧 4 7 1
慎 4 7 1
拯 4 7 1
撼 4 7 1
锐 4 7 1
败 4 7 1
缠 4 7 1
沸 4 7 1
豁 4 7 1
绩 4 7 1
纠 4 7 1
均 4 7 1
赖 4 7 1
隆 4 7 1
骚 4 7 1
帅 4 7 1
颂 4 7 1
俗 4 7 1
锁 4 7 1
徒 4 7 1
项 4 7 1
效 4 7 1
檐 4 7 1
殷 4 7 1
隐 4 7 1
缘 4 7 1
骤 4 7 1
诸 4 7 1
拙 4 7 1
租 4 7 1
磕 4 7 1
鹅 4 7 1
剂 4 7 1
欺 4 7 1
斯 4 7 1
呵 4 7 1
豹 4 7 1
标 4 7 1
舶 4 7 1
膊 4 7 1
措 4 7 1
愤 4 7 1
浩 4 7 1
恨 4 7 1
怀 4 7 1
淮 4 7 1
揭 4 7 1
掘 4 7 1
崛 4 7 1
眠 4 7 1
抛 4 7 1
瓶 4 7 1
掐 4 7 1
潜 4 7 1
扰 4 7 1
输 4 7 1
烁 4 7 1
塌 4 7 1
蜗 4 7 1
嗅 4 7 1
哑 4 7 1
蝇 4 7 1
跃 4 7 1
浊 4 7 1
订 4 7 1
镀 4 7 1
埂 4 7 1
级 4 7 1
僵 4 7 1
绅 4 7 1
搜 4 7 1
谓 4 7 1
魏 4 7 1
亿 4 7 1
预 4 7 1
征 4 7 1
障 4 7 1
铛 4 7 1
按 4 7 1
蝙 4 7 1
柄 4 7 1
怖 4 7 1
惨 4 7 1
捶 4 7 1
肤 4 7 1
蝠 4 7 1
溉 4 7 1
唤 4 7 1
混 4 7 1
襟 4 7 1
拒 4 7 1
炕 4 7 1
框 4 7 1
链 4 7 1
躯 4 7 1
髓 4 7 1
穗 4 7 1
豌 4 7 1
熄 4 7 1
媳 4 7 1
喧 4 7 1
液 4 7 1
屹 4 7 1
溢 4 7 1
砸 4 7 1
证 4 7 1
肢 4 7 1
址 4 7 1
媚 4 7 1
辫 4 7 1
彻 4 7 1
撇 4 7 1
晰 4 7 1
嘶 4 7 1
丹 4 7 1
韭 4 7 1
圃 4 7 1
阀 4 7 1
卉 4 7 1
贺 4 7 1
芹 4 7 1
蕊 4 7 1
蒜 4 7 1
棠 4 7 1
藕 4 7 1
芋 4 7 1
芥 4 7 1
蕾 4 7 1
莉 4 7 1
茉 4 7 1
薯 4 7 1
氛 4 7 1
氧 4 7 1
钞 4 7 1
矿 4 7 1
纲 4 7 1
猾 4 7 1
椒 4 7 1
玫 4 7 1
牡 4 7 1
赌 4 7 1
杠 4 7 1
培 4 7 1
账 4 7 1
键 4 7 1
狡 4 7 1
俱 4 7 1
谱 4 7 1
授 4 7 1
驻 4 7 1
樟 4 7 1
锈 4 7 1
砖 4 7 1
综 4 7 1
揍 4 7 1
媒 4 7 1
顽 4 7 2
唯 4 7 2
哩 4 7 2
遣 4 8 1
遗 4 8 1
赤 4 8 1
乖 4 8 1
允 4 8 1
尸 4 8 1
丫 4 8 1
叉 4 8 1
卑 4 8 1
冠 4 8 1
晋 4 8 1
乓 4 8 1
乒 4 8 1
尚 4 8 1
素 4 8 1
臀 4 8 1
宰 4 8 1
卒 4 8 1
率 4 8 1
番 4 8 1
焉 4 8 1
苟 4 8 1
宛 4 8 1
雹 4 8 1
毙 4 8 1
恭 4 8 1
臭 4 8 1
党 4 8 1
荤 4 8 1
窥 4 8 1
奢 4 8 1
杂 4 8 1
垫 4 8 1
菌 4 8 1
葵 4 8 1
圣 4 8 1
絮 4 8 1
晕 4 8 1
覆 4 8 1
藉 4 8 1
崭 4 8 1
簇 4 8 1
芙 4 8 1
岗 4 8 1
篱 4 8 1
聋 4 8 1
蓉 4 8 1
蔬 4 8 1
慰 4 8 1
嚣 4 8 1
宴 4 8 1
疾 4 8 1
癌 4 8 1
唇 4 8 1
疙 4 8 1
廓 4 8 1
虑 4 8 1
屑 4 8 1
屡 4 8 1
瘩 4 8 1
瘦 4 8 1
症 4 8 1
剥 4 8 1
吠 4 8 1
伏 4 8 1
恒 4 8 1
劫 4 8 1
扩 4 8 1
脉 4 8 1
辟 4 8 1
涉 4 8 1
疏 4 8 1
役 4 8 1
灶 4 8 1
腔 4 8 1
刹 4 8 1
践 4 8 1
职 4 8 1
蹭 4 8 1
妨 4 8 1
稿 4 8 1
构 4 8 1
捆 4 8 1
搂 4 8 1
栖 4 8 1
绮 4 8 1
谈 4 8 1
啼 4 8 1
炫 4 8 1
仪 4 8 1
拥 4 8 1
脂 4 8 1
帜 4 8 1
陈 4 8 1
侈 4 8 1
吨 4 8 1
倔 4 8 1
弥 4 8 1
颇 4 8 1
珀 4 8 1
朴 4 8 1
乾 4 8 1
栓 4 8 1
倘 4 8 1
徐 4 8 1
徜 4 8 1
锄 4 8 1
搓 4 8 1
钝 4 8 1
抚 4 8 1
港 4 8 1
酣 4 8 1
憾 4 8 1
晖 4 8 1
挤 4 8 1
仅 4 8 1
沮 4 8 1
吭 4 8 1
坤 4 8 1
裸 4 8 1
洛 4 8 1
埋 4 8 1
扭 4 8 1
湃 4 8 1
剖 4 8 1
祈 4 8 1
泣 4 8 1
砌 4 8 1
怯 4 8 1
勤 4 8 1
渗 4 8 1
施 4 8 1
硕 4 8 1
挽 4 8 1
维 4 8 1
侮 4 8 1
镶 4 8 1
啸 4 8 1
谐 4 8 1
砚 4 8 1
渊 4 8 1
绽 4 8 1
嘱 4 8 1
拽 4 8 1
啄 4 8 1
附 4 8 1
供 4 8 1
琥 4 8 1
绘 4 8 1
颊 4 8 1
捷 4 8 1
矩 4 8 1
颅 4 8 1
谜 4 8 1
侍 4 8 1
伺 4 8 1
隧 4 8 1
蜿 4 8 1
殃 4 8 1
扒 4 8 1
碑 4 8 1
促 4 8 1
摧 4 8 1
捣 4 8 1
俯 4 8 1
咐 4 8 1
垢 4 8 1
哼 4 8 1
婚 4 8 1
睫 4 8 1
糠 4 8 1
揽 4 8 1
姥 4 8 1
胧 4 8 1
缕 4 8 1
漫 4 8 1
朦 4 8 1
描 4 8 1
撵 4 8 1
曝 4 8 1
凄 4 8 1
漆 4 8 1
驱 4 8 1
拭 4 8 1
碳 4 8 1
膛 4 8 1
涛 4 8 1
嗡 4 8 1
污 4 8 1
呜 4 8 1
潇 4 8 1
械 4 8 1
汹 4 8 1
绣 4 8 1
讯 4 8 1
蜒 4 8 1
徉 4 8 1
妖 4 8 1
衍 4 8 1
绑 4 8 1
懈 4 8 1
徽 4 8 1
澎 4 8 1
膨 4 8 1
浙 4 8 1
咸 4 8 1
廷 4 8 1
予 4 8 1
禹 4 8 1
甫 4 8 1
焚 4 8 1
吉 4 8 1
宾 4 8 1
龚 4 8 1
孟 4 8 1
蔼 4 8 1
愈 4 8 1
戚 4 8 1
屈 4 8 1
仲 4 8 1
兆 4 8 1
巩 4 8 1
阶 4 8 1
肝 4 8 1
秆 4 8 1
肿 4 8 1
韩 4 8 1
贤 4 8 1
锡 4 8 1
哺 4 8 1
俊 4 8 1
峻 4 8 1
浦 4 8 1
俏 4 8 1
峭 4 8 1
躁 4 8 1
涣 4 8 1
焕 4 8 1
惧 4 8 1
慷 4 8 1
抡 4 8 1
沦 4 8 1
政 4 8 1
趾 4 8 1
彬 4 8 1
慨 4 8 1
浏 4 8 1
履 5 9 1
逸 5 9 1
迪 5 9 1
匣 5 9 1
勉 5 9 1
疗 5 9 1
瘾 5 9 1
臣 5 9 1
歹 5 9 1
亥 5 9 1
乃 5 9 1
丘 5 9 1
勺 5 9 1
岔 5 9 1
兜 5 9 1
奉 5 9 1
兼 5 9 1
茧 5 9 1
寇 5 9 1
鲁 5 9 1
辱 5 9 1
衰 5 9 1
委 5 9 1
悉 5 9 1
享 5 9 1
熏 5 9 1
冤 5 9 1
罪 5 9 1
皇 5 9 1
某 5 9 1
舀 5 9 1
恳 5 9 1
葛 5 9 1
罕 5 9 1
贾 5 9 1
鉴 5 9 1
垒 5 9 1
岂 5 9 1
嵌 5 9 1
煞 5 9 1
筛 5 9 1
泰 5 9 1
炭 5 9 1
誊 5 9 1
矣 5 9 1
桨 5 9 1
蔺 5 9 1
亩 5 9 1
誓 5 9 1
籍 5 9 1
袅 5 9 1
藓 5 9 1
惫 5 9 1
璧 5 9 1
瓷 5 9 1
黛 5 9 1
舅 5 9 1
筐 5 9 1
鹭 5 9 1
箩 5 9 1
宏 5 9 1
赢 5 9 1
幽 5 9 1
矛 5 9 1
甸 5 9 1
哉 5 9 1
廉 5 9 1
绰 5 9 1
辞 5 9 1
拐 5 9 1
侵 5 9 1
协 5 9 1
斩 5 9 1
耻 5 9 1
酬 5 9 1
俭 5 9 1
矫 5 9 1
刊 5 9 1
馈 5 9 1
畔 5 9 1
僻 5 9 1
擅 5 9 1
榨 5 9 1
趴 5 9 1
睑 5 9 1
皎 5 9 1
袍 5 9 1
跷 5 9 1
剔 5 9 1
矮 5 9 1
版 5 9 1
雏 5 9 1
耽 5 9 1
殿 5 9 1
娥 5 9 1
杭 5 9 1
酵 5 9 1
凯 5 9 1
瞌 5 9 1
旷 5 9 1
凛 5 9 1
略 5 9 1
酿 5 9 1
陪 5 9 1
魄 5 9 1
歧 5 9 1
权 5 9 1
珊 5 9 1
摄 5 9 1
嗜 5 9 1
梭 5 9 1
琐 5 9 1
颓 5 9 1
狭 5 9 1
嫌 5 9 1
歇 5 9 1
栩 5 9 1
御 5 9 1
枕 5 9 1
锥 5 9 1
榜 5 9 1
妒 5 9 1
祥 5 9 1
炊 5 9 1
盾 5 9 1
惰 5 9 1
搁 5 9 1
柜 5 9 1
聒 5 9 1
瞒 5 9 1
拗 5 9 1
诺 5 9 1
嫂 5 9 1
恃 5 9 1
鸵 5 9 1
汛 5 9 1
驯 5 9 1
怡 5 9 1
哟 5 9 1
域 5 9 1
栈 5 9 1
偿 5 9 1
嫦 5 9 1
磁 5 9 1
抵 5 9 1
估 5 9 1
褐 5 9 1
煌 5 9 1
嫉 5 9 1
谨 5 9 1
冽 5 9 1
陵 5 9 1
珑 5 9 1
胎 5 9 1
枉 5 9 1
牺 5 9 1
暇 5 9 1
殖 5 9 1
缴 5 9 1
喉 5 9 1
饥 5 9 1
咙 5 9 1
艇 5 9 1
陷 5 9 1
杈 5 9 1
吩 5 9 1
惚 5 9 1
惶 5 9 1
谎 5 9 1
嫁 5 9 1
礁 5 9 1
搅 5 9 1
烬 5 9 1
拘 5 9 1
澜 5 9 1
励 5 9 1
沥 5 9 1
鳞 5 9 1
榴 5 9 1
蔓 5 9 1
眸 5 9 1
谴 5 9 1
纫 5 9 1
呻 5 9 1
偎 5 9 1
泻 5 9 1
榆 5 9 1
喻 5 9 1
噪 5 9 1
桩 5 9 1
卿 5 9 1
抑 5 9 1
狱 5 9 1
衡 5 9 1
擞 5 9 1
浒 5 9 1
瑚 5 9 1
嘲 5 9 1
瀚 5 9 1
迸 5 10 1
赴 5 10 1
逛 5 10 1
翘 5 10 1
遂 5 10 1
遐 5 10 1
毡 5 10 1
斤 5 10 1
秉 5 10 1
弗 5 10 1
革 5 10 1
刃 5 10 1
丞 5 10 1
畜 5 10 1
荐 5 10 1
劣 5 10 1
企 5 10 1
襄 5 10 1
岳 5 10 1
仓 5 10 1
禽 5 10 1
筹 5 10 1
督 5 10 1
篝 5 10 1
患 5 10 1
忌 5 10 1
蓟 5 10 1
浆 5 10 1
窘 5 10 1
眷 5 10 1
爵 5 10 1
莱 5 10 1
雳 5 10 1
萌 5 10 1
弩 5 10 1
霹 5 10 1
窍 5 10 1
挈 5 10 1
窕 5 10 1
雯 5 10 1
吾 5 10 1
袭 5 10 1
窈 5 10 1
蘸 5 10 1
芝 5 10 1
昼 5 10 1
箸 5 10 1
策 5 10 1
葬 5 10 1
寨 5 10 1
衷 5 10 1
勿 1 10 1
匪 5 10 1
尼 5 10 1
屉 5 10 1
庸 5 10 1
疤 5 10 1
痴 5 10 1
雇 5 10 1
痰 5 10 1
彭 5 10 1
顷 5 10 1
旖 5 10 1
轧 5 10 1
埃 5 10 1
俺 5 10 1
黯 5 10 1
扳 5 10 1
绊 5 10 1
蚌 5 10 1
绷 5 10 1
彼 5 10 1
膘 5 10 1
钗 5 10 1
敞 5 10 1
澄 5 10 1
驰 5 10 1
踌 5 10 1
躇 5 10 1
锤 5 10 1
裆 5 10 1
祷 5 10 1
玷 5 10 1
碟 5 10 1
嘟 5 10 1
犊 5 10 1
峨 5 10 1
俘 5 10 1
赋 5 10 1
傅 5 10 1
袱 5 10 1
嘎 5 10 1
割 5 10 1
嘿 5 10 1
唬 5 10 1
徊 5 10 1
讳 5 10 1
啰 5 10 1
晦 5 10 1
秽 5 10 1
祸 5 10 1
涧 5 10 1
绞 5 10 1
矜 5 10 1
揪 5 10 1
镌 5 10 1
绢 5 10 1
揩 5 10 1
楷 5 10 1
堪 5 10 1
啃 5 10 1
胯 5 10 1
愧 5 10 1
滥 5 10 1
肋 5 10 1
擂 5 10 1
踉 5 10 1
撩 5 10 1
咧 5 10 1
噜 5 10 1
码 5 10 1
幔 5 10 1
瞄 5 10 1
渺 5 10 1
瞑 5 10 1
哞 5 10 1
谋 5 10 1
拇 5 10 1
姆 5 10 1
呐 5 10 1
娜 5 10 1
挠 5 10 1
拟 5 10 1
旎 5 10 1
黏 5 10 1
拧 5 10 1
纽 5 10 1
徘 5 10 1
咆 5 10 1
胚 5 10 1
恰 5 10 1
跄 5 10 1
侨 5 10 1
擒 5 10 1
虬 5 10 1
颧 5 10 1
仞 5 10 1
瑞 5 10 1
腮 5 10 1
搔 5 10 1
艄 5 10 1
殊 5 10 1
拴 5 10 1
撕 5 10 1
肆 5 10 1
飕 5 10 1
涕 5 10 1
眺 5 10 1
腕 5 10 1
桅 5 10 1
倭 5 10 1
沃 5 10 1
坞 5 10 1
弦 5 10 1
馅 5 10 1
哮 5 10 1
嫣 5 10 1
吆 5 10 1
耶 5 10 1
伊 5 10 1
倚 5 10 1
译 5 10 1
诣 5 10 1
熠 5 10 1
垠 5 10 1
樱 5 10 1
瑜 5 10 1
猿 5 10 1
耘 5 10 1
憎 5 10 1
诈 5 10 1
蚱 5 10 1
湛 5 10 1
獐 5 10 1
杖 5 10 1
怔 5 10 1
郑 5 10 1
侄 5 10 1
稚 5 10 1
铸 5 10 1
缀 5 10 1
镯 5 10 1
龇 5 10 1
澈 5 10 1
墩 5 10 1
褂 5 10 1
猕 5 10 1
揿 5 10 1
漪 5 10 1
淤 5 10 1
藻 6 11 2
轴 6 11 2
栅 6 12 2
